0050120,PS267700
0050156,178500
0050158,263000
0050167,240300
0050168,269200
0050328,PS275200
0050331,149730
0050335,608415
0050387,144700
0050419,610984
0050425,102300
0050425,610438
0050425,610439
0050425,611185
0050425,611242
0050425,612853
0050425,615197
0050428,600962
0050428,613000
0050428,615735
0050429,169600
0050430,171400
0050431,PS107970
0050432,608631
0050432,608638
0050432,608781
0050432,609954
0050433,600072
0050434,170390
0050436,253250
0050437,300257
0050438,136680
0050439,PS276900
0050440,PS151660
0050441,272200
0050444,266510
0050445,307800
0050448,193900
0050448,615785
0050449,167200
0050449,167210
0050450,263800
0050452,610377
0050453,300067
0050453,300215
0050453,607432
0050453,611603
0050453,614019
0050453,615191
0050454,300049
0050454,608097
0050454,608098
0050454,612881
0050454,615544
0050458,607785
0050460,194190
0050461,208400
0050462,201750
0050462,207410
0050463,114290
0050464,228000
0050465,158320
0050467,PS133200
0050468,153300
0050469,218040
0050470,246200
0050471,160980
0050471,605244
0050471,608837
0050472,158000
0050473,203800
0050474,256500
0050475,277600
0050475,608328
0050475,613195
0050475,614819
0050476,302060
0050477,177200
0050489,138800
0050489,300273
0050489,606082
0050524,606391
0050526,137200
0050528,234050
0050529,271150
0050530,253550
0050534,PS310500
0050535,133780
0050535,305390
0050535,601813
0050535,605750
0050535,613310
0050536,269000
0050539,118230
0050539,604484
0050540,145900
0050545,306955
0050545,605376
0050545,606325
0050545,613751
0050545,614779
0050546,613743
0050547,155240
0050548,PS162400
0050554,301310
0050557,254100
0050558,254090
0050559,253800
0050560,236670
0050560,253280
0050561,606369
0050564,PS124900
0050565,607197
0050565,PS220290
0050566,304500
0050568,122600
0050568,277300
0050568,608681
0050568,609813
0050568,613686
0050569,PS210600
0050570,PS212065
0050571,PS212066
0050574,236792
0050575,600721
0050575,613657
0050576,266900
0050576,606995
0050576,606996
0050576,609254
0050576,610189
0050576,613615
0050577,218330
0050577,613610
0050578,613587
0050579,613507
0050580,PS153100
0050585,PS608594
0050587,613229
0050588,613150
0050588,613151
0050588,613152
0050588,613153
0050588,613154
0050588,613155
0050588,613156
0050588,614643
0050588,614830
0050588,615041
0050588,615181
0050588,615249
0050588,615287
0050588,615350
0050588,615351
0050588,616094
0050589,PS266600
0050590,PS202700
0050591,106600
0050591,150400
0050591,313500
0050591,602639
0050591,604625
0050591,610926
0050592,PS208500
0050593,613085
0050593,613086
0050597,181460
0050600,600501
0050601,103285
0050602,231550
0050603,200500
0050604,607778
0050605,201100
0050606,101900
0050628,PS604348
0050629,225750
0050629,610181
0050629,610329
0050629,610333
0050629,612952
0050629,615010
0050629,615846
0050630,300600
0050631,300523
0050632,PS203100
0050633,300500
0050634,203655
0050635,104290
0050635,614820
0050636,105200
0050637,105120
0050638,105210
0050639,105250
0050639,613955
0050640,607095
0050641,268150
0050642,206100
0050642,615234
0050644,208000
0050644,614473
0050645,208050
0050646,108120
0050646,108145
0050646,108200
0050646,114300
0050646,121050
0050646,121070
0050646,158300
0050646,178110
0050646,187370
0050646,193700
0050646,601680
0050646,609128
0050646,614335
0050646,615065
0050647,301835
0050648,108720
0050648,108721
0050648,256050
0050649,209300
0050650,607554
0050650,608583
0050650,608988
0050650,611493
0050650,611494
0050650,612201
0050650,612240
0050650,613055
0050650,613980
0050650,614022
0050650,614049
0050650,614050
0050650,615377
0050650,615378
0050650,615770
0050651,600309
0050651,606215
0050651,614430
0050651,614474
0050654,218600
0050655,241850
0050656,251290
0050658,149200
0050659,607483
0050660,123790
0050661,153700
0050661,153840
0050661,608161
0050661,616151
0050661,616152
0050662,611809
0050663,158810
0050664,210370
0050670,605388
0050675,612292
0050676,135150
0050677,262000
0050678,186580
0050679,303700
0050680,112310
0050681,301900
0050682,601536
0050683,607475
0050684,211180
0050689,610713
0050690,113500
0050690,271530
0050690,271630
0050690,613678
0050691,113620
0050692,601003
0050693,605041
0050694,211530
0050699,300009
0050699,300555
0050709,PS308350
0050710,210200
0050710,210210
0050711,604290
0050712,612718
0050715,277400
0050716,277410
0050717,277380
0050719,613068
0050720,238970
0050722,601815
0050723,610992
0050724,614023
0050725,276600
0050726,276700
0050727,276710
0050729,275630
0050730,PS607426
0050734,261000
0050740,600096
0050741,103780
0050747,153600
0050747,610430
0050752,608627
0050754,208920
0050755,606002
0050757,304700
0050759,602668
0050760,310440
0050762,103050
0050763,208085
0050763,613404
0050763,PS208085
0050764,300261
0050766,200150
0050768,604273
0050769,310465
0050770,174050
0050771,171300
0050772,108600
0050773,115310
0050773,168000
0050773,601650
0050773,605373
0050773,614165
0050773,PS168000
0050774,266280
0050775,269250
0050776,300046
0050776,300047
0050776,300062
0050776,300114
0050776,300115
0050776,300143
0050776,300210
0050776,300271
0050776,300324
0050776,300355
0050776,300372
0050776,300387
0050776,300428
0050776,300433
0050776,300436
0050776,300454
0050776,300498
0050776,300505
0050776,300518
0050776,300558
0050776,300577
0050776,300659
0050776,300716
0050776,300802
0050776,300803
0050776,300844
0050776,300848
0050776,300849
0050776,300850
0050776,300851
0050776,300852
0050776,300912
0050776,300919
0050776,300923
0050776,309530
0050776,309549
0050777,PS213300
0050778,PS249000
0050779,236680
0050779,614120
0050780,145410
0050780,300000
0050781,300855
0050786,137600
0050786,601631
0050787,174900
0050788,185800
0050789,186570
0050790,228900
0050791,261550
0050792,600195
0050793,609620
0050793,609621
0050793,609622
0050794,186500
0050794,610017
0050794,612961
0050795,180020
0050795,610024
0050795,610356
0050795,610478
0050795,613093
0050796,200450
0050797,264470
0050799,612736
0050800,300352
0050801,109200
0050801,300710
0050801,612421
0050802,615349
0050807,612713
0050809,601492
0050811,201710
0050811,201810
0050811,201910
0050811,202010
0050811,202110
0050812,612847
0050813,143095
0050814,605282
0050816,236730
0050816,615112
0050817,248200
0050817,600110
0050817,603786
0050818,275350
0050819,601186
0050831,604218
0050833,258900
0050834,214800
0050848,107650
0050854,191900
0050857,233400
0050857,614129
0050857,614926
0050857,615300
0050858,602535
0050873,151430
0050877,260370
0050879,300623
0050880,610443
0050881,167320
0050881,615422
0050881,615424
0050882,600224
0050883,614559
0050884,615512
0050885,614732
0050886,275900
0050887,107480
0050889,613192
0050889,614202
0050902,155255
0050908,614286
0050909,137245
0050941,611302
0050942,611390
0050943,613672
0050944,614487
0050945,108650
0050946,270550
0050947,241530
0050948,193100
0050949,241520
0050949,613312
0050954,164400
0050955,183090
0050956,183086
0050958,164500
0050959,608768
0050960,603516
0050961,604432
0050962,604326
0050963,605259
0050964,605361
0050965,606658
0050967,607136
0050968,604121
0050969,607458
0050970,607346
0050971,608687
0050972,607454
0050973,610245
0050974,608703
0050975,609306
0050976,609307
0050977,610246
0050978,117360
0050979,613371
0050980,117210
0050981,133190
0050982,613908
0050983,614153
0050984,615945
0050985,615957
0050986,616053
0050989,160120
0050990,108500
0050991,606554
0050992,606552
0050993,613855
0050994,612656
0050995,611907
0050996,616055
0050997,224050
0050997,610185
0050997,613227
0050997,615268
0050998,614756
0050999,613728
0060008,600802
0060009,604571
0060010,603554
0060013,300400
0060019,615401
0060020,267500
0060021,606593
0060022,308230
0060023,606843
0060025,137100
0060025,269650
0060025,609529
0060055,119500
0060055,263650
0060060,605027
0060062,162000
0060062,613092
0060062,614227
0060063,300751
0060065,205950
0060066,206000
0060067,557000
0060161,313200
0060162,125370
0060165,148840
0060168,235800
0060169,601764
0060169,605751
0060169,607745
0060169,612627
0060170,604233
0060170,604403
0060170,609800
0060170,611277
0060170,612279
0060170,613828
0060170,613863
0060173,601005
0060174,613163
0060175,271980
0060178,141500
0060178,602481
0060178,609634
0060179,309500
0060193,105400
0060194,205100
0060195,606640
0060196,602433
0060197,602099
0060198,608030
0060199,608031
0060200,611895
0060201,612069
0060202,612577
0060203,613435
0060205,613954
0060206,300857
0060207,614373
0060208,614696
0060209,614808
0060210,615515
0060211,615426
0060212,606070
0060213,105550
0060214,615911
0060221,614569
0060222,607016
0060225,PS257920
0060226,201180
0060226,239710
0060227,100300
0060227,614219
0060227,614814
0060227,615297
0060227,616028
0060228,105800
0060228,300870
0060228,608542
0060228,609122
0060228,610213
0060228,611892
0060228,612161
0060228,612162
0060228,612586
0060228,612587
0060228,614252
0060229,243310
0060229,614583
0060230,114100
0060230,213600
0060230,606656
0060230,615007
0060230,615483
0060231,259450
0060231,609220
0060232,120502
0060232,602588
0060232,608389
0060233,115150
0060233,615278
0060233,615279
0060233,615280
0060234,201000
0060234,614976
0060235,255110
0060235,600649
0060235,608836
0060236,278300
0060236,603592
0060237,PS600118
0060238,601390
0060238,615546
0060239,119300
0060239,606713
0060240,600630
0060240,614621
0060240,614640
0060241,273750
0060241,612921
0060241,614205
0060242,186000
0060242,608180
0060242,610234
0060243,184450
0060243,609261
0060243,614655
0060243,614668
0060244,606711
0060244,606712
0060244,607134
0060244,612514
0060244,615432
0060245,248900
0060246,303350
0060247,607326
0060247,615222
0060248,312870
0060252,181700
0060253,181430
0060253,300695
0060254,PS268310
0060255,606072
0060256,179850
0060256,615327
0060256,615674
0060256,615696
0060257,127400
0060258,615537
0060259,208540
0060259,615415
0060261,178300
0060261,300245
0060262,609918
0060262,609919
0060262,611465
0060263,614483
0060265,607596
0060266,614678
0060267,277470
0060268,612389
0060269,612390
0060270,613811
0060271,615851
0060272,608027
0060273,225753
0060274,610204
0060275,611523
0060276,614969
0060277,614961
0060278,615809
0060279,615803
0060280,610475
0060280,610489
0060280,614190
0060280,615830
0060281,132100
0060281,609572
0060281,609573
0060282,221900
0060282,611308
0060283,270300
0060283,613088
0060284,300818
0060284,615399
0060285,168500
0060285,609566
0060285,609597
0060286,300816
0060286,609060
0060286,610498
0060286,610505
0060286,610678
0060286,611719
0060286,613559
0060286,614096
0060286,614582
0060286,614702
0060286,614922
0060286,614924
0060286,614932
0060286,614946
0060286,614947
0060286,615395
0060286,615440
0060286,615578
0060286,615595
0060286,615917
0060286,615918
0060286,616045
0060286,616198
0060286,616239
0060287,121400
0060287,217300
0060288,164745
0060288,258315
0060289,249620
0060289,300895
0060290,603736
0060291,164200
0060291,257850
0060292,302950
0060293,118650
0060293,118651
0060293,602497
0060294,PS272430
0060295,217000
0060296,214700
0060297,614380
0060298,614379
0060299,612446
0060300,610102
0060301,613790
0060302,613789
0060303,613825
0060304,127500
0060304,612715
0060304,615402
0060305,249300
0060305,309300
0060306,PS224690
0060307,PS156200
0060308,249500
0060308,607417
0060308,608443
0060308,611090
0060308,611091
0060308,611092
0060308,611093
0060308,611095
0060308,611096
0060308,611097
0060308,611107
0060308,614020
0060308,614208
0060308,614249
0060308,614329
0060308,614333
0060308,614340
0060308,614341
0060308,614342
0060308,614343
0060308,614344
0060308,614345
0060308,614346
0060308,614347
0060308,614499
0060308,615493
0060308,615516
0060308,615541
0060308,615599
0060308,615637
0060308,615802
0060308,615817
0060308,615942
0060309,PS309510
0060316,311200
0060318,612376
0060327,164750
0060330,129400
0060331,614052
0060332,614053
0060333,615228
0060334,601410
0060334,610374
0060334,610582
0060335,182170
0060336,PS250950
0060337,609528
0060339,616201
0060341,202650
0060342,603671
0060346,255995
0060347,102520
0060347,201310
0060348,241410
0060349,152950
0060350,614723
0060351,615157
0060352,610253
0060353,616462
0060354,185070
0060355,616208
0060356,242840
0060357,246700
0060358,231680
0060359,101120
0060360,101840
0060362,101850
0060363,307030
0060364,251300
0060365,616367
0060366,235510
0060366,616006
0060367,168601
0060368,600116
0060369,605909
0060370,606324
0060371,607060
0060372,260300
0060373,258850
0060374,258860
0060375,174300
0060376,277170
0060377,608518
0060378,300484
0060380,165590
0060381,612913
0060382,258865
0060383,201170
0060384,101805
0060385,601829
0060386,610448
0060386,614415
0060387,215045
0060389,612242
0060390,609625
0060391,613884
0060392,613457
0060393,615656
0060394,612001
0060395,613406
0060396,614294
0060397,612626
0060398,613444
0060399,136570
0060400,613604
0060401,614541
0060402,613776
0060403,613675
0060404,614527
0060405,613355
0060406,146390
0060407,601808
0060408,613026
0060409,613735
0060410,607872
0060411,612474
0060412,612530
0060413,611867
0060414,613564
0060415,612513
0060416,612345
0060417,613792
0060418,615433
0060419,609425
0060420,613509
0060421,615668
0060422,612582
0060423,613544
0060424,612863
0060425,614230
0060426,613638
0060427,300679
0060428,612313
0060430,614671
0060431,613458
0060432,613215
0060433,614526
0060434,613533
0060435,612475
0060436,608363
0060437,615538
0060438,112240
0060438,616294
0060439,222700
0060444,607541
0060445,610048
0060446,300779
0060447,121820
0060448,121850
0060449,204870
0060450,300778
0060451,122100
0060452,612868
0060453,608470
0060454,612867
0060455,602082
0060456,121800
0060458,613681
0060459,611936
0060460,613174
0060461,300801
0060462,251450
0060462,615777
0060464,164280
0060464,614326
0060465,228520
0060465,614524
0060466,135300
0060466,605544
0060466,609955
0060466,611010
0060467,143050
0060467,236400
0060468,142900
0060469,247200
0060471,609442
0060472,173650
0060473,147920
0060473,300867
0060474,263400
0060475,615369
0060476,267000
0060479,260400
0060480,604169
0060481,609460
0060482,612109
0060483,609313
0060484,612780
0060485,235730
0060486,168605
0060488,610954
0060490,242900
0060491,609541
0060535,613398
0060536,252010
0060537,252011
0060539,203300
0060540,608233
0060541,614072
0060542,614073
0060543,614074
0060544,614075
0060545,614076
0060546,614077
0060547,614171
0060549,209885
0060550,200110
0060551,604173
0060556,606693
0060557,615217
0060558,PS253310
0060559,253310
0060560,607598
0060563,169100
0060565,PS220210
0060566,236110
0060569,239850
0060571,220210
0060572,300963
0060573,193400
0060574,613554
0060575,257920
0060576,265050
0060577,248340
0060578,163950
0060580,605275
0060581,609942
0060582,610733
0060583,611553
0060584,613224
0060585,613706
0060586,615355
0060587,616559
0060588,616564
0060589,216340
0060590,610965
0060591,193670
0060599,302350
0060601,262850
0060602,614307
0060603,106190
0060604,106280
0060605,107250
0060608,210710
0060609,210720
0060610,155310
0060611,PS605552
0060612,615812
0060613,303400
0060614,181450
0060638,610199
0060639,606176
0060640,602473
0060641,612651
0060642,226600
0060643,613806
0060644,600092
0060645,259680
0060646,603523
0060647,613630
0060649,217700
0060650,222730
0060651,155100
0060652,133100
0060655,PS242300
0060656,242300
0060668,206500
0060670,603284
0060671,603285
0060672,607485
0060673,604229
0060674,PS604772
0060675,604772
0060676,611938
0060677,614021
0060678,614916
0060679,615441
0060680,600510
0060681,PS600513
0060682,600513
0060683,603204
0060684,605375
0060685,610353
0060686,615005
0060688,108010
0060689,209500
0060690,609129
0060691,187800
0060692,609821
0060693,300615
0060694,601238
0060696,149400
0060697,614619
0060698,614618
0060699,PS145980
0060700,145980
0060701,145981
0060702,600740
0060703,602849
0060704,PS308240
0060705,308240
0060706,300635
0060707,613011
0060708,615122
0060710,242100
0060711,606545
0060712,601277
0060713,242500
0060714,604777
0060715,612281
0060716,615022
0060717,613943
0060718,615023
0060719,615024
0060720,602400
0060728,615273
0060730,128100
0060731,209880
0060732,158170
0060733,226730
0060735,131760
0060736,131950
0060737,226700
0060738,226650
0060739,140000
0060740,251000
0060741,613646
0060742,251100
0060743,251110
0060744,274600
0060745,126600
0060746,126700
0060747,607323
0060748,600512
0060749,615697
0060750,611630
0060751,616436
0060752,614417
0060753,611631
0060754,616461
0060755,608096
0060756,269500
0060757,614305
0060758,605258
0060759,608106
0060760,608184
0060761,600080
0060762,275210
0060763,312700
0060764,268310
0060765,616331
0060766,180700
0060767,616894
0060768,182290
0060769,601705
0060770,PS608808
0060771,608808
0060772,613854
0060773,225060
0060774,PS214700
0060775,251850
0060776,613217
0060777,616868
0060778,615863
0060779,610370
0060780,614616
0060781,270420
0060783,604292
0060784,129900
0060785,169500
0060786,PS312080
0060787,608804
0060788,616420
0060789,612233
0060790,260600
0060791,616140
0060792,616494
0060793,610532
0060794,607694
0060795,616881
0060796,616683
0060797,614381
0060798,612438
0060799,300260
0060800,304340
0060801,300148
0060802,309583
0060803,300858
0060804,309545
0060805,309610
0060806,300423
0060807,300749
0060808,300218
0060809,300534
0060810,300438
0060811,300706
0060812,300263
0060813,300709
0060814,309585
0060815,314580
0060816,300472
0060817,300967
0060818,300262
0060819,300861
0060820,300860
0060821,300676
0060822,300354
0060823,300699
0060824,300799
0060825,300243
0060826,300238
0060827,300055
0060828,300886
0060829,300612
0060830,300519
0060831,PS214450
0060832,214450
0060833,607624
0060834,609227
0060835,613517
0060836,613094
0060837,611040
0060838,613704
0060839,610093
0060840,251600
0060841,615113
0060842,611038
0060843,162500
0060844,310600
0060847,127300
0060848,300088
0060849,259770
0060850,167750
0060851,169610
0060852,609049
0060853,610883
0060854,264350
0060855,177735
0060856,208530
0060857,182230
0060858,606407
0060861,206920
0060862,248300
0060863,PS169150
0060864,608970
0060865,617111
0060866,169150
0060867,605309
0060868,603896
0060869,605670
0060871,148210
0060872,173100
0060873,262400
0060874,612781
0060875,307200
0060877,146800
0060878,146255
0060879,PS602014
0060880,248250
0060881,248190
0060882,611718
0060883,602014
0060884,613882
0060885,154020
0060886,300373
0060887,602475
0060888,159595
0060889,100100
0060891,615528
0060892,168600
0060895,605543
0060896,616840
0060897,614203
0060898,615530
0060900,612953
0060902,257320
0060911,614817
0070000,617248
0070002,617698
0070005,616777
0070006,614728
0070007,210600
0070008,617253
0070009,615807
0070010,613676
0070011,614851
0070012,613823
0070013,606744
0070014,127550
0070015,224230
0070016,613989
0070017,613987
0070018,613990
0070019,613988
0070022,615190
0070023,616553
0070024,616353
0070025,305000
0070026,268130
0070027,105150
0070028,605714
0070029,176500
0070030,117300
0070031,156200
0070032,614113
0070033,612580
0070034,612581
0070035,612621
0070036,613970
0070037,614104
0070038,614254
0070039,614255
0070040,614256
0070041,614257
0070042,135900
0070043,614563
0070044,614607
0070045,614608
0070046,614609
0070047,615009
0070048,615074
0070049,615075
0070050,613443
0070051,615502
0070052,612337
0070053,615761
0070054,615828
0070055,615829
0070056,615834
0070057,615866
0070058,615873
0070059,616078
0070060,616083
0070061,616158
0070062,616268
0070063,616311
0070064,616351
0070065,616355
0070066,616362
0070067,616364
0070068,616393
0070069,616521
0070070,616579
0070071,616944
0070072,616973
0070073,616977
0070074,617061
0070077,181510
0070078,603342
0070079,600511
0070080,600850
0070081,603175
0070082,603013
0070083,603176
0070084,603206
0070085,604906
0070086,605419
0070087,608078
0070088,608543
0070089,613025
0070090,612361
0070091,613950
0070092,613959
0070093,615232
0070094,203100
0070095,606952
0070096,203200
0070097,203290
0070098,606574
0070099,615312
0070100,615179
0070111,257200
0070112,607616
0070113,257220
0070114,607625
0070115,249000
0070116,603194
0070117,607361
0070118,611134
0070119,611561
0070120,612284
0070121,267010
0070122,613885
0070123,275100
0070124,218700
0070125,225250
0070126,275200
0070127,609893
0070128,614450
0070129,617403
0070130,123700
0070131,616603
0070132,219150
0070133,614437
0070134,219200
0070135,219100
0070136,614434
0070137,612940
0070138,614438
0070139,613177
0070140,617402
0070145,608654
0070146,256800
0070147,614213
0070148,608088
0070149,615548
0070150,613115
0070151,614653
0070152,162400
0070153,616488
0070154,615632
0070155,201300
0070156,613708
0070157,613640
0070158,614116
0070159,310470
0070160,256860
0070163,617644
0070164,108420
0070165,617576
0070166,617593
0070167,102530
0070168,606766
0070169,613957
0070170,617592
0070171,615413
0070172,616950
0070173,612997
0070174,617214
0070176,270960
0070177,617706
0070178,614822
0070179,615842
0070180,615081
0070181,617707
0070182,615841
0070183,243060
0070184,617187
0070185,309120
0070186,400042
0070187,415000
0070188,258150
0070189,305700
0070190,138990
0070191,233710
0070192,233700
0070193,233690
0070194,613960
0070195,306400
0070196,160300
0070197,160500
0070198,PS254130
0070199,254130
0070200,613318
0070201,613319
0070202,151660
0070203,615238
0070204,604367
0070205,613877
0070206,615980
0070207,608600
0070208,613480
0070209,615907
0070210,153100
0070211,611944
0070213,153200
0070214,610021
0070215,609975
0070216,602485
0070217,606762
0070218,601820
0070219,256450
0070220,609968
0070221,PS211600
0070222,601847
0070223,602347
0070224,615878
0070225,617049
0070226,211600
0070228,147480
0070229,614972
0070230,PS243300
0070231,243300
0070232,605479
0070233,614816
0070234,610168
0070235,609192
0070236,615582
0070237,613795
0070238,607426
0070239,614651
0070240,614652
0070241,612016
0070242,614654
0070243,614650
0070244,616276
0070245,616733
0070246,310300
0070247,181350
0070248,616516
0070249,612998
0070250,612999
0070251,300696
0070252,614302
0070253,212066
0070254,606056
0070255,266265
0070256,607091
0070257,608779
0070258,603585
0070259,611209
0070260,611182
0070261,613612
0070262,613489
0070263,614727
0070264,614576
0070265,300896
0070266,616721
0070267,616828
0070268,616829
0070269,617395
0070270,613244
0070271,120435
0070272,614350
0070273,614331
0070274,609310
0070275,614337
0070276,614385
0070277,616486
0070278,612703
0070279,616402
0070280,608716
0070281,617800
0070282,614673
0070283,616051
0070284,616080
0070285,251200
0070286,604804
0070287,615414
0070288,617090
0070289,616681
0070290,608393
0070291,604321
0070292,614852
0070293,604317
0070294,615095
0070295,617520
0070296,PS251200
0070298,600204
0070299,607078
0070300,226900
0070301,614135
0070302,617719
0070303,132400
0070304,600969
0070307,607812
0070308,600332
0070316,615923
0070329,PS603041
0070330,PS605711
0070331,612075
0070332,617954
0080019,215050
0080020,156400
0080021,156500
0080026,215150
0080028,184250
0080029,615768
0080030,602111
0080032,218300
0080033,122860
0080033,123000
0080033,218400
0080033,614099
0080033,614378
0080036,239100
0080037,607636
0080038,265800
0080039,109130
0080041,146000
0080042,616204
0080045,156550
0080046,108300
0080046,184840
0080046,604841
0080047,177170
0080050,602875
0080051,201250
0080052,200700
0080053,103580
0080054,200600
0080055,600972
0080056,200610
0080057,615705
0080058,615386
0080059,609270
0080060,614322
0080061,213200
0080062,614831
0080063,614229
0080064,616127
0080065,616291
0080066,616354
0080067,600361
0080068,601152
0080068,616505
0080070,252500
0080071,252600
0080071,252605
0080072,243180
0080072,601223
0080074,301410
0080074,601634
0080075,616038
0080076,256520
0080077,612286
0080078,612287
0080079,161050
0080080,149300
0080081,151600
0080082,206800
0080083,164800
0080084,107000
0080085,605779
0080086,607523
0080087,614149
0080088,614157
0080089,160565
0080089,615883
0080090,300717
0080090,300718
0080091,182920
0080092,601419
0080093,608810
0080094,609200
0080095,609452
0080096,609524
0080097,612954
0080098,617114
0080099,500011
0080099,600462
0080099,613561
0080100,255300
0080101,612540
0080102,255310
0080102,300580
0080103,160990
0080105,251270
0080106,616171
0080107,616335
0080108,160010
0080108,268200
0080108,550500
0080109,228550
0080109,615293
0080110,178110
0080110,253290
0080110,265000
0080110,312150
0080111,124000
0080112,615158
0080113,615159
0080114,615160
0080115,615453
0080116,615824
0080117,615838
0080118,616111
0080119,603041
0080120,609560
0080121,251880
0080122,203700
0080123,613662
0080124,612073
0080125,256810
0080126,271245
0080127,612075
0080128,245400
0080129,615084
0080130,617184
0080131,615471
0080132,212350
0080133,605711
0080134,614299
0080135,615330
0080136,616370
0080137,610755
0080138,614080
0080139,300868
0080140,615398
0080141,257300
0080142,614114
0080143,135700
0080143,600638
0080143,602078
0080143,609384
0080143,609428
0080143,616219
0080150,201400
0080153,201450
0080154,201470
0080155,201475
0080156,300200
0080163,617099
0080169,605067
0080170,610455
0080171,189960
0080172,610460
0080173,258040
0080174,600057
0080175,258040
0080181,612674
0080194,254940
0080195,248800
0080196,610536
0080197,617404
0080198,500000
0080201,261540
0080205,PS610805
0080206,610805
0080207,143400
0080208,613282
0080208,613387
0080209,616084
0080212,263200
0080213,175860
0080214,148600
0080215,300607
0080216,223400
0080217,278000
0080218,173600
0080219,145680
0080220,125480
0080221,309200
0080222,603233
0080223,144200
0080224,131750
0080225,617839
0080226,617854
0080227,617831
0080228,617798
0080230,617799
0080231,617796
0080232,617788
0080233,617787
0080234,617752
0080235,617751
0080236,617600
0080237,617601
0080238,617635
0080239,617773
0080240,300997
0080241,300998
0080242,301008
0080243,617607
0080244,301006
0080245,617729
0080246,617730
0080247,617731
0080248,617524
0080249,617525
0080250,617526
0080251,617756
0080252,617560
0080253,617562
0080254,617563
0080255,617564
0080256,617565
0080257,617574
0080258,617571
0080259,617584
0080260,617633
0080261,617637
0080262,617639
0080263,617654
0080264,617572
0080265,617575
0080266,617577
0080267,617605
0080268,617606
0080269,617663
0080270,617772
0080271,617609
0080272,617783
0080273,617610
0080274,617613
0080275,617622
0080277,617761
0080278,617757
0080279,617767
0080280,617626
0080281,617629
0080282,617665
0080283,617599
0080284,617771
0080285,617830
0080286,617691
0080287,617769
0080288,617770
0080289,617926
0080290,617907
0080291,617904
0080292,617871
0080293,617866
0080294,617882
0080295,617895
0080296,617899
0080297,617808
0080307,PS601419
0080308,617258
0080309,613869
0080311,300486
0080312,617523
0080313,119550
0080314,602093
0080315,PS604004
0080316,604004
0080317,613926
0080318,613925
0080319,300853
0080322,PS173900
0080324,191100
0080325,613254
0080326,PS192600
0080327,236500
0080328,615849
0080329,272430
0080330,610313
0080331,617055
0080332,PS109730
0080333,109730
0080334,614823
0080335,615418
0080337,617156
0080338,609820
0080339,611783
0080342,300209
0080343,616860
0080344,PS119580
0080345,119580
0080346,617681
0080348,104300
0080349,612949
0080350,617304
0080351,612918
0080352,302960
0080353,300554
0080354,606232
0080357,604377
0080358,615119
0080359,616500
0080360,616501
0080361,602079
0080362,313400
0080363,614741
0080376,190351
0080377,PS214100
0080379,600995
0080380,614199
0080381,616893
0080382,610725
0080383,256370
0080384,614196
0080385,616730
0080386,615861
0080387,616892
0080388,615008
0080389,615244
0080390,256300
0080391,615573
0080392,618176
0080393,618177
0080394,618178
0080395,119530
0080396,602966
0080397,600757
0080398,608371
0080399,608874
0080401,618149
0080402,610361
0080403,613705
0080404,600625
0080405,612858
0080406,613857
0080407,615892
0080408,616788
0080409,175100
0080410,608456
0080411,616415
0080412,617100
0080413,615476
0080414,615006
0080415,615859
0080416,616366
0080417,617020
0080418,617391
0080419,616457
0080420,617938
0080421,613721
0080422,607208
0080424,617132
0080425,617166
0080426,617976
0080427,617065
0080428,617153
0080429,615871
0080430,618008
0080431,615744
0080432,617929
0080433,617339
0080434,617933
0080435,616981
0080436,612164
0080437,616346
0080438,613477
0080439,614959
0080440,609304
0080441,617281
0080442,617105
0080443,615833
0080444,616139
0080445,614558
0080446,618067
0080447,617113
0080448,617276
0080449,615338
0080450,615473
0080451,616339
0080452,616211
0080453,615905
0080454,617106
0080455,617350
0080456,617162
0080457,613402
0080458,616647
0080459,613722
0080460,616645
0080461,616056
0080462,613720
0080463,616409
0080464,617389
0080465,616341
0080467,300672
0080468,308350
0080470,300884
0080471,617829
0080472,617711
0080473,617836
0080474,614204
0080475,602723
0080476,214100
0080477,214110
0080478,614859
0080479,614862
0080480,614866
0080481,614870
0080482,614872
0080483,614876
0080484,614882
0080485,614883
0080486,614886
0080487,614887
0080489,230650
0080490,252650
0080491,116860
0080493,233300
0080494,300510
0080495,614324
0080496,616185
0080497,617690
0080498,618078
0080499,618117
0080500,618187
0080501,230600
0080502,230500
0080503,PS614080
0080504,616710
0080505,122470
0080506,300590
0080507,610759
0080508,614701
0080509,300882
0080510,131800
0080511,131900
0080512,224690
0080513,613800
0080514,613803
0080515,613804
0080516,613805
0080517,616835
0080518,617063
0080519,604416
0080520,300622
0080523,221820
0090001,PS219000
0090002,103500
0090003,218000
0090004,208230
0090005,255800
0090006,120330
0090007,PS242860
0090008,242860
0090009,614069
0090010,616910
0090011,616911
0090012,602450
0090013,601457
0090014,608971
0090015,212780
0090016,153550
0090017,226670
0090018,142680
0090019,210250
0090020,PS183600
0090021,183600
0090022,606708
0090023,605289
0090024,220600
0090025,246560
0090026,225300
0090027,313350
0090028,277460
0090029,607115
0090030,611489
0090031,261515
0090032,224410
0090034,159900
0090035,607488
0090036,616398
0090037,607671
0090038,224500
0090039,602629
0090040,602124
0090041,128101
0090042,612406
0090043,128230
0090044,601042
0090045,612126
0090046,614588
0090047,611147
0090048,612067
0090049,118800
0090050,616411
0090051,614860
0090052,615034
0090053,128200
0090054,611031
0090055,615073
0090056,128235
0090057,314250
0090058,602554
0090059,268100
0090060,226980
0090061,PS120100
0090062,120100
0090063,611762
0090064,614468
0090065,616115
0090066,227850
0090067,228930
0090068,256850
0090069,610100
0090070,PS147950
0090071,614840
0090072,614841
0090073,614842
0090074,614837
0090075,614880
0090076,615267
0090077,610628
0090078,146110
0090079,615266
0090080,614897
0090081,616030
0090082,615270
0090083,147950
0090084,612370
0090085,614838
0090086,612702
0090087,614858
0090088,229070
0090089,614839
0090090,615269
0090091,228300
0090092,244200
0090093,615271
0090094,308700
0090100,103470
0090101,261740
0090102,613112
0090103,603218
0090104,606438
0090105,603813
0090106,261640
0090107,601198
0090108,615361
0090109,PS601198
0090110,304790
0090111,609136
0090112,221770
0090113,611943
0090114,136900
0090115,607250
0090116,272460
0090117,249270
0090118,604498
0090119,106260
0090120,162830
0090122,139300
0090123,608643
0090124,208100
0090125,175780
0090126,614923
0090127,208250
0090128,605676
0090129,255120
0090130,610042
0090131,PS614039
0090132,610031
0090133,615282
0090134,615411
0090135,615763
0090136,615771
0090137,614039
0090138,615412
0090139,PS604931
0090140,614662
0090141,604931
0090142,219500
0090143,601216
0090144,222448
0090145,223360
0110000,610198
0110001,614739
0110002,250950
0110003,616271
0110004,258501
0110005,608553
0110006,250951
0110007,216900
0110008,262300
0110009,616517
0110010,613856
0110011,604348
0110012,615224
0110013,616882
0110014,603075
0110015,153800
0110016,204100
0110017,610698
0110018,613757
0110019,610149
0110020,613778
0110021,611378
0110022,611488
0110023,611953
0110024,613784
0110025,615439
0110026,615489
0110027,615591
0110028,613761
0110029,141750
0110030,301040
0110031,613978
0110032,104200
0110033,203780
0110034,301050
0110035,104310
0110036,300756
0110038,605526
0110039,606187
0110040,606889
0110041,607116
0110042,607822
0110043,609636
0110044,609790
0110045,611073
0110046,611152
0110047,611154
0110048,611155
0110049,615080
0110050,615590
0110051,615711
0110052,104500
0110053,104510
0110054,104530
0110055,130900
0110057,204700
0110058,301200
0110059,301201
0110060,612529
0110061,613211
0110062,614832
0110063,615887
0110064,616221
0110065,616270
0110066,204690
0110067,205200
0110068,616437
0110069,616439
0110070,107970
0110071,600996
0110072,602086
0110073,602087
0110074,604400
0110075,604401
0110076,607450
0110077,609040
0110078,204000
0110079,613835
0110080,610612
0110081,610193
0110082,610476
0110083,611528
0110085,208500
0110086,611263
0110087,613091
0110088,613819
0110089,614376
0110090,614091
0110091,615630
0110092,263520
0110093,616300
0110094,615503
0110095,615633
0110096,616546
0110097,266920
0110098,605803
0110099,605804
0110100,605805
0110101,605844
0110102,605845
0110103,613064
0110104,613518
0110105,613519
0110106,108800
0110107,607941
0110108,614089
0110109,611363
0110110,612794
0110111,613087
0110112,108900
0110113,614433
0110114,614475
0110115,603909
0110116,607271
0110117,614470
0110118,614186
0110119,615559
0110120,180500
0110121,601499
0110122,602482
0110123,209900
0110124,615981
0110125,600151
0110126,615982
0110127,615983
0110128,605231
0110129,615984
0110130,615985
0110131,615986
0110132,615987
0110133,615988
0110134,615989
0110135,615990
0110136,615991
0110137,615992
0110138,615993
0110139,615994
0110140,615995
0110141,615996
0110142,601678
0110143,241200
0110144,607364
0110145,602522
0110146,613090
0110147,300971
0110148,118220
0110149,607734
0110150,607678
0110151,601098
0110152,118200
0110153,118300
0110154,118210
0110155,609260
0110156,605588
0110157,607736
0110158,607677
0110159,600882
0110160,617017
0110161,615490
0110162,616625
0110163,606595
0110164,601472
0110165,607684
0110166,607731
0110167,607831
0110168,616687
0110169,614436
0110170,615025
0110171,616155
0110173,616280
0110174,608673
0110175,614228
0110176,616668
0110177,613287
0110178,616491
0110179,605589
0110180,616924
0110181,616688
0110182,606071
0110183,601596
0110184,611228
0110185,214400
0110186,601455
0110187,616684
0110188,613341
0110189,613843
0110190,604563
0110191,601382
0110192,609311
0110193,614895
0110194,615284
0110195,605253
0110196,605285
0110197,606482
0110198,615376
0110199,608323
0110200,607791
0110201,608340
0110202,606483
0110203,616039
0110204,613641
0110205,614455
0110206,615185
0110207,300905
0110208,302801
0110209,302800
0110210,311070
0110211,302802
0110212,310490
0110213,119540
0110214,119570
0110215,604537
0110216,613837
0110217,615360
0110218,601144
0110219,611777
0110220,611875
0110221,611876
0110222,612838
0110223,613119
0110224,613120
0110225,613123
0110226,616399
0110227,115650
0110228,115665
0110229,116600
0110230,612968
0110231,116200
0110232,115800
0110233,607304
0110234,115700
0110235,604307
0110236,615188
0110237,115900
0110238,610019
0110239,611597
0110240,116100
0110241,116400
0110242,116700
0110243,212500
0110244,609026
0110245,614691
0110246,605749
0110247,613887
0110248,116300
0110249,610623
0110250,613763
0110251,615274
0110252,614422
0110253,601885
0110254,605728
0110255,116800
0110256,610202
0110257,601202
0110258,600881
0110259,616279
0110260,115660
0110261,609376
0110262,616851
0110263,615277
0110264,611391
0110265,605387
0110266,604219
0110267,616509
0110268,609741
0110269,601547
0110270,611544
0110271,610425
0110272,302200
0110273,PS603511
0110274,PS253600
0110275,253600
0110276,253601
0110277,253700
0110278,608099
0110279,604286
0110280,601287
0110281,601954
0110282,254110
0110283,608807
0110284,611307
0110285,613723
0110287,615356
0110288,616827
0110289,617072
0110290,616812
0110291,611755
0110292,613157
0110293,613818
0110294,615352
0110295,616052
0110296,611588
0110297,609308
0110298,613158
0110299,607155
0110303,613530
0110304,608423
0110305,603511
0110306,609115
0110307,192600
0110308,115195
0110309,115196
0110310,115197
0110311,614676
0110312,600858
0110313,613690
0110314,608751
0110315,613765
0110316,608758
0110317,612098
0110318,612124
0110319,613243
0110320,613251
0110321,613255
0110322,613838
0110323,613873
0110324,613874
0110326,613876
0110327,617047
0110328,607487
0110329,613826
0110330,612712
0110331,604232
0110332,604393
0110333,613829
0110334,166200
0110335,166230
0110336,610915
0110337,610682
0110338,616507
0110339,259420
0110340,166220
0110341,166210
0110342,614856
0110343,615066
0110344,610967
0110345,616229
0110346,613848
0110347,615220
0110348,613849
0110349,259440
0110350,613982
0110351,610968
0110352,613861
0110353,613794
0110354,601718
0110355,609913
0110356,601414
0110357,610282
0110358,600105
0110359,615565
0110360,613809
0110361,617023
0110362,613617
0110363,616394
0110364,613428
0110365,606068
0110366,610359
0110367,613862
0110368,608380
0110369,613758
0110370,613575
0110371,613581
0110372,613731
0110373,614180
0110374,615725
0110375,613801
0110376,612095
0110377,613756
0110378,612165
0110379,613810
0110380,614181
0110381,600132
0110382,613827
0110383,608133
0110384,602772
0110385,614494
0110386,612943
0110387,180104
0110388,180105
0110389,616544
0110390,180100
0110391,609923
0110392,615922
0110393,615233
0110394,613769
0110395,616469
0110396,613194
0110397,613750
0110398,613464
0110399,611131
0110400,602594
0110401,616562
0110402,613767
0110403,600059
0110404,600852
0110405,610599
0110406,607921
0110407,613582
0110408,600138
0110409,612572
0110410,615780
0110411,613983
0110412,300424
0110413,312612
0110414,300029
0110415,312600
0110416,300155
0110417,300605
0110418,400004
0110419,615434
0110420,180210
0110421,268025
0110422,268060
0110423,601493
0110424,613122
0110425,115200
0110426,601494
0110427,613697
0110428,612158
0110429,604288
0110430,604145
0110431,604765
0110432,615916
0110433,601154
0110434,611879
0110435,613642
0110436,606685
0110437,605582
0110438,615235
0110439,609909
0110440,605362
0110441,614672
0110442,609915
0110443,600884
0110444,611615
0110445,615248
0110446,611407
0110447,613172
0110448,613881
0110449,607482
0110450,615184
0110451,608569
0110453,613252
0110454,613426
0110455,613694
0110456,613424
0110457,611878
0110458,612877
0110459,613286
0110460,611880
0110461,302045
0110462,615837
0110463,615974
0110464,616042
0110465,616515
0110467,601386
0110468,603098
0110469,603678
0110470,601869
0110471,603720
0110472,603010
0110473,602092
0110474,614945
0110475,220290
0110476,612645
0110477,600060
0110478,604060
0110479,603629
0110480,607039
0110481,609533
0110482,611022
0110483,613285
0110484,605428
0110485,605818
0110486,609823
0110487,614035
0110488,600316
0110489,607101
0110490,607084
0110491,608653
0110492,607239
0110493,608565
0110494,609006
0110495,607821
0110496,608219
0110497,608265
0110498,600791
0110499,608264
0110500,609646
0110501,610154
0110502,612433
0110503,609647
0110504,609946
0110505,609439
0110506,610153
0110507,600792
0110508,609941
0110509,609706
0110510,609952
0110511,610220
0110512,600971
0110513,613865
0110514,610143
0110515,611451
0110516,610248
0110517,610212
0110518,610265
0110519,610419
0110520,600974
0110521,614934
0110522,612789
0110523,613718
0110524,615540
0110525,613079
0110526,613307
0110527,601072
0110528,613685
0110529,613391
0110530,614944
0110531,613392
0110532,614617
0110533,615429
0110534,613916
0110535,601071
0110536,613453
0110537,614899
0110538,614414
0110539,616705
0110540,614861
0110541,124900
0110542,601316
0110543,601317
0110544,601543
0110545,601868
0110546,602459
0110547,603964
0110548,603622
0110549,606012
0110550,604717
0110551,607017
0110552,606346
0110553,605192
0110554,606282
0110555,605583
0110556,612431
0110557,608641
0110558,600101
0110559,612644
0110560,606451
0110561,608645
0110562,614211
0110563,606705
0110564,601544
0110565,612643
0110566,616357
0110567,608224
0110568,608394
0110569,607453
0110570,608652
0110571,607841
0110572,608372
0110573,600652
0110574,614614
0110575,600994
0110576,613074
0110577,613558
0110578,607683
0110579,609965
0110580,615649
0110581,615629
0110582,615654
0110583,612642
0110584,600965
0110585,614152
0110586,616044
0110587,616969
0110588,616340
0110589,616707
0110590,616697
0110591,601412
0110592,616968
0110593,601369
0110594,244400
0110595,243605
0110596,615294
0110597,615444
0110598,613807
0110599,608644
0110600,615872
0110601,612650
0110602,612649
0110603,616481
0110604,614874
0110605,611884
0110606,610852
0110607,615505
0110608,614935
0110609,615451
0110610,617091
0110611,615504
0110612,612518
0110613,614017
0110614,608646
0110615,615482
0110616,612274
0110617,608647
0110618,613193
0110619,616726
0110620,617092
0110621,614679
0110622,612444
0110623,613808
0110624,616037
0110625,615067
0110626,606763
0110627,615500
0110628,615481
0110629,222300
0110630,604928
0110631,253900
0110632,602541
0110633,602771
0110634,604801
0110635,606612
0110636,607855
0110637,608840
0110638,609456
0110639,613204
0110640,613205
0110644,192500
0110645,613688
0110646,603830
0110647,613695
0110648,613693
0110650,611818
0110651,611819
0110652,611820
0110653,612955
0110654,613485
0110655,616247
0110656,616249
0110657,615120
0110658,616227
0110659,616040
0110660,610542
0110661,617143
0110662,608930
0110663,601462
0110664,616323
0110665,616322
0110666,616321
0110667,603034
0110668,254300
0110669,616228
0110670,616325
0110671,254210
0110672,617239
0110673,616720
0110674,616304
0110675,616326
0110676,614750
0110677,616324
0110678,605809
0110679,608931
0110680,616314
0110681,616313
0110682,614198
0110683,616330
0110698,605389
0110699,146520
0110700,613981
0110701,146550
0110702,612841
0110703,607903
0110704,604379
0110705,278150
0110706,614237
0110707,614238
0110708,615059
0110709,615885
0110710,615896
0110711,601553
0110712,258100
0110713,613411
0110714,616389
0110715,610444
0110716,600118
0110717,614225
0110718,614222
0110719,615663
0110720,162350
0110721,256730
0110722,610951
0110723,600143
0110724,610003
0110725,610127
0110726,204500
0110727,615362
0110728,256731
0110729,601780
0110730,204300
0110731,204200
0110732,614706
0110733,609055
0110734,PS234200
0110735,256600
0110736,610217
0110737,606159
0110738,614298
0110739,300894
0110740,615643
0110741,125852
0110742,600318
0110743,600319
0110744,600320
0110745,601941
0110746,600321
0110747,600883
0110749,601942
0110750,601208
0110751,601388
0110752,601318
0110753,601666
0110754,603266
0110755,605598
0110756,610155
0110757,612520
0110758,612521
0110759,612522
0110760,612622
0110761,613006
0110763,604187
0110764,604360
0110765,604805
0110766,605280
0110767,605229
0110768,270700
0110769,300266
0110770,270685
0110771,611225
0110772,607152
0110773,312920
0110774,270750
0110775,607584
0110776,608220
0110777,609195
0110778,609041
0110779,609340
0110780,609727
0110781,610357
0110782,610250
0110783,611252
0110784,610244
0110785,300750
0110786,612319
0110787,613096
0110788,611945
0110789,612335
0110790,612020
0110791,182600
0110792,182601
0110793,613364
0110794,612539
0110795,615043
0110796,613206
0110797,613162
0110798,614409
0110799,614066
0110800,613647
0110801,615031
0110802,612936
0110803,613744
0110804,614067
0110805,614898
0110806,615033
0110807,615035
0110808,615030
0110809,615658
0110810,270800
0110811,600363
0110812,615685
0110813,615681
0110814,615686
0110815,615683
0110816,607259
0110817,615625
0110818,616282
0110819,616451
0110820,616680
0110821,616907
0110822,617046
0110823,603563
0110824,601162
0110825,616586
0110826,276900
0110829,500004
0110830,276904
0110831,601067
0110832,602083
0110833,602097
0110834,606943
0110835,612632
0110836,614869
0110837,614990
0110838,276901
0110839,605472
0110840,611383
0110841,276902
0110842,614504
0110843,278700
0110844,278720
0110845,278730
0110846,278740
0110847,278750
0110848,278760
0110849,278780
0110850,610651
0110851,215100
0110852,222765
0110853,600121
0110854,616716
0110855,122000
0110856,609140
0110857,609141
0110858,173900
0110859,613095
0110860,600666
0110861,263200
0110862,610445
0110863,163500
0110864,615058
0110865,257270
0110866,617024
0110867,613216
0110868,613830
0110869,614565
0110870,310500
0110871,300071
0110872,157170
0110873,610829
0110874,605934
0110875,142945
0110876,610828
0110877,614226
0110878,609637
0110879,609408
0110880,142946
0110881,236100
0110882,605225
0110883,612261
0110884,612381
0110885,611081
0110886,608448
0110887,612241
0110888,612262
0110889,606348
0110890,612278
0110891,604519
0110892,266600
0110893,612244
0110894,191390
0110895,612245
0110896,612259
0110897,612255
0110898,612288
0110899,613148
0110900,601458
0110901,612639
0110902,612796
0110903,606675
0110904,606668
0110905,612380
0110906,612354
0110907,606674
0110908,612566
0110909,612567
0110910,116920
0110912,612840
0110913,146300
0110914,241500
0110915,241510
0110916,182900
0110917,616649
0110918,270970
0110919,612653
0110920,612690
0110921,267700
0110922,603553
0110923,608898
0110924,603552
0110925,613101
0110926,609284
0110927,161800
0110928,256030
0110929,615731
0110930,615348
0110931,616165
0110932,609285
0110933,617336
0110934,610687
0110935,609273
0110936,605355
0110937,607634
0110938,166600
0110939,259720
0110940,615085
0110941,259730
0110942,259700
0110943,259710
0110944,611490
0110945,611497
0110946,612301
0110947,600193
0110948,193500
0110949,148820
0110950,193510
0110951,606662
0110952,608890
0110953,277580
0110954,613265
0110955,613266
0110956,611584
0110957,230800
0110958,230900
0110959,231000
0110960,608013
0110961,610539
0110962,112450
0110963,112440
0110964,112500
0110965,112600
0110966,112700
0110967,112800
0110968,112910
0110969,113000
0110970,113100
0110971,113200
0110972,113300
0110973,301940
0110974,607004
0110975,611377
0110976,613382
0110977,615072
0110978,616849
0110979,272150
0110980,213300
0110981,300804
0110982,614173
0110983,614424
0110984,614464
0110985,614465
0110986,614615
0110987,614815
0110988,608091
0110989,614970
0110990,615636
0110991,615665
0110992,616490
0110993,616654
0110994,616781
0110995,616784
0110996,617120
0110997,617121
0110998,608629
0110999,609583
0111000,610188
0111001,610688
0111002,611560
0111003,612291
0111004,612285
0111005,120970
0111006,300085
0111007,300476
0111008,304020
0111009,600624
0111010,600977
0111011,601777
0111012,603649
0111013,604116
0111014,605549
0111015,607476
0111016,608194
0111017,610283
0111018,610381
0111019,612657
0111020,612775
0111021,613660
0111022,614500
0111023,615163
0111024,615374
0111025,615860
0111026,615973
0111027,602390
0111028,606069
0111029,235200
0111030,604250
0111031,615517
0111032,613313
0111033,601195
0111035,125310
0111036,616779
0111037,606664
0111038,614300
0111039,613752
0111040,300559
0111041,261750
0111042,306000
0111043,613027
0111044,139090
0111045,614200
0111046,608404
0111047,614158
0111048,616176
0111049,187900
0111050,601709
0111051,615888
0111052,262890
0111053,615193
0111054,277480
0111055,616913
0111056,177820
0111057,614201
0111058,605735
0111059,153670
0111060,145701
0111061,605019
0111062,615558
0111063,211900
0111064,604320
0111065,605726
0111066,616278
0111067,617308
0111068,214950
0111069,235555
0111070,613812
0111071,607765
0111072,614160
0111073,PS113900
0111074,113900
0111075,140400
0111076,604559
0111077,266200
0111078,600334
0111079,605808
0111080,617243
0111081,616435
0111082,614083
0111083,227646
0111084,600901
0111085,617247
0111086,614082
0111087,227645
0111088,603467
0111089,605724
0111090,617244
0111091,609053
0111092,613951
0111093,615272
0111094,610832
0111095,227650
0111096,613390
0111097,609054
0111098,300514
0111099,125850
0111100,125851
0111101,137920
0111102,600496
0111103,606392
0111104,606394
0111105,609812
0111106,610508
0111107,612225
0111108,613370
0111109,613375
0111110,616329
0111111,616511
0111112,256100
0111113,602088
0111114,604387
0111115,606966
0111116,611498
0111117,613159
0111118,613550
0111119,613820
0111120,613824
0111121,614377
0111122,614844
0111123,614845
0111124,615382
0111125,615862
0111126,616217
0111127,617271
0111128,603278
0111129,603965
0111130,613237
0111131,614131
0111132,616002
0111133,616032
0111134,616220
0111135,608594
0111136,269700
0111137,612526
0111138,613327
0111140,300888
0111144,610504
0111149,225100
0111150,129600
0111154,604715
0111155,616719
0111156,613958
0111158,616482
0111160,610474
0111161,612247
0111162,162900
0111163,252160
0111164,252150
0111165,PS252150
0111166,615501
0111167,223800
0111168,612716
0111169,600348
0111170,608984
10003,304400
10016,162300
10017,131100
10024,609179
10024,609670
10122,145100
10126,148300
10126,608586
10126,608932
10126,609271
10126,614622
10126,614623
10126,614628
10126,614629
1024,607572
1024,609888
1024,613407
10283,176807
10283,300147
10283,300704
10283,601518
10283,602759
10283,608656
10283,608658
10283,609299
10283,609558
10283,610321
10283,610997
10283,611100
10283,611868
10283,611928
10283,611955
10283,611958
10283,611959
10300,179600
10383,162100
1040,109543
1040,151400
1040,609630
1040,612557
1040,612558
1040,612559
10426,118100
10426,214300
10426,613702
10487,600156
10487,606874
10487,606875
10487,608462
10487,611644
10488,207500
10488,301800
10534,137215
10534,613659
1056,309000
10581,249900
10581,250100
10582,266500
10582,266510
10584,268000
10584,PS268000
10587,245200
10588,300100
10591,189800
10591,609402
10591,609403
10591,609404
10591,614592
10595,PS118220
1060,234500
10604,223100
10608,607202
10608,609754
10608,611598
10608,612005
10608,612006
10608,612007
10608,612008
10608,612009
10608,612011
10609,264700
10609,277440
10609,600081
10609,600785
10611,226300
1062,134600
1062,613388
1062,615605
10629,206900
10629,300166
10629,309801
10629,600165
10629,607932
10629,609549
10629,610125
10629,611897
10629,615972
1064,219750
1064,219800
1064,219900
1067,137750
1067,177700
1067,602429
1067,603383
1067,606689
1067,608695
1067,608696
1067,609745
1067,609887
1067,610535
1067,611274
1067,611276
1067,613100
1068,137750
1070,137760
10772,274150
10780,PS133100
10825,145500
10825,603918
10825,604329
10825,607329
10825,608742
10825,610261
10825,610262
10825,610948
10825,611014
10865,100200
10871,PS603075
10892,146450
10892,300633
10892,300758
10892,300856
10908,123155
10908,236600
10908,236635
10908,307000
10908,615219
10915,277730
10923,603903
1094,143465
1094,608903
1094,608904
1094,608905
1094,608906
1094,612311
1094,612312
10970,603513
10970,612900
1099,604131
10992,606752
11042,134750
11044,230750
11054,109800
11105,136880
11119,137580
11156,206600
11164,217500
11193,185900
11193,186100
11193,186200
11193,186300
11198,188400
11199,146200
11199,307700
11202,600166
11211,231300
11252,206200
11329,103400
11342,107800
11353,109820
11367,610256
11383,219050
11459,243200
11476,166710
1148,174200
1148,174500
1148,174700
1148,603596
11486,143000
11512,600880
11514,137400
11549,103100
11555,136800
11555,610158
11555,613267
11555,613268
11555,613269
11555,613270
11555,613271
11555,615523
1156,118600
1156,118610
1156,600668
11589,223900
11599,144100
11612,184700
11633,188570
11633,274300
11634,255900
11656,164185
11661,190900
1171,144650
11712,PS151660
11719,164300
1172,144600
1172,145750
11721,232800
11722,160900
11723,310200
11725,PS122470
11726,PS310300
11727,158900
11727,158901
11782,603047
11819,191600
11830,160700
11830,255500
11830,300613
11830,310460
11830,603221
11830,608367
11830,608474
11830,608908
11830,609256
11830,609257
11830,609258
11830,609259
11830,609994
11830,609995
11830,610320
11830,612554
11830,612717
11830,613959
11830,613969
11830,614166
11830,614167
11830,615420
11830,615431
11830,615946
11836,119800
11870,172700
11949,123400
11975,120430
11983,176270
11996,187400
1206,312750
1206,613454
12098,190400
12117,265100
12118,178550
12118,235500
12120,265120
12120,300770
12120,610913
12120,610921
12120,614370
12132,608710
12134,134500
12169,115430
12177,240500
12177,607594
12177,613493
12177,613494
12177,613495
12177,613496
12177,614699
12177,614700
12177,615577
12177,615767
12185,166800
12185,605727
12185,608244
12185,608484
12185,611571
12185,611572
12185,612096
12185,615589
12217,127750
12236,109720
12236,613007
12236,613008
12236,614220
12236,614221
12241,187550
12241,603902
12241,613985
12259,306900
12270,120200
12270,120300
12270,216820
12271,106210
12305,308300
12306,193200
12308,237500
12347,PS166200
12376,253400
12387,125800
12387,304800
12388,125700
12388,304900
12399,606349
12449,609135
12557,126800
12557,604356
12559,259750
12580,123450
12583,192430
12603,308960
12638,179010
12638,300711
12638,610260
12638,612017
12638,612525
12642,142400
12661,157950
1270,187300
1270,600376
1270,601101
1270,615506
12704,208900
12705,229300
12705,601992
12707,213400
12712,PS256100
12714,225500
12716,267450
12731,606177
12783,607501
12798,252700
12799,309900
12800,253200
12801,252900
12801,252920
12801,252930
12801,252940
12802,607014
12802,607015
12803,253220
12804,253000
12804,253010
12842,139393
12849,209850
12858,143100
12859,118700
12859,215450
12894,270150
12918,211480
12929,226000
12930,PS115200
12934,530000
12960,101200
12961,173800
13042,265380
13087,108950
13096,182410
13099,252350
13099,300845
13099,607151
13099,608796
13099,614042
13099,615750
1312,PS603278
13137,253300
13166,103920
13223,150699
1324,211980
1324,608935
1324,612571
1324,612593
1324,614210
13241,109650
13269,121300
13270,177000
13270,300752
13271,263700
13300,181440
13357,168900
13359,PS130000
13366,184850
13372,613490
13374,135100
13375,187360
13378,611775
1338,105600
1338,224100
1338,224120
1338,613673
1338,615631
13381,170900
13382,261100
13382,613839
1339,105650
1339,606129
1339,610629
1339,612527
1339,612528
1339,612561
1339,612562
1339,612563
1339,613308
1339,613309
1339,614900
1339,615550
1339,615909
13401,607140
13481,187600
13481,187601
13481,273680
13482,176920
13501,157900
13515,PS191100
13533,PS259700
13533,PS607634
13543,145000
13543,145001
13543,610071
13608,210500
13636,PS227650
13641,177650
13714,206780
13724,240400
13774,103230
13774,240200
1380,608089
13809,144250
13810,143890
13832,607411
1386,200100
1388,205400
13884,163800
13884,608567
13909,303800
1391,245900
13910,303900
1392,177800
13922,610247
13922,613412
13941,193007
13941,613106
13945,600142
13945,PS125310
13994,119600
13994,216330
14004,132900
14004,607086
14004,607087
14004,611788
14004,613780
14004,615436
14080,103900
14116,151800
14116,151900
14118,118830
14118,238600
1415,258870
14175,193300
14179,300310
14179,300755
14218,274270
14219,179830
14219,267200
14219,602722
14221,605552
14250,190685
14261,300624
14264,121200
14264,121201
14264,269720
14283,259100
14289,224700
14291,151100
14291,611554
14291,613707
14323,154700
14330,PS168600
14365,212140
1440,109150
14415,150600
1442,203700
14448,154230
14448,233420
14448,300018
14448,400044
14448,607080
14448,612965
14448,613080
14448,613762
14448,614279
14448,616067
14450,PS233300
14451,170500
14452,170400
14452,613345
14498,247100
14499,301500
14500,230000
14501,270200
14503,PS256730
14515,194072
1455,137400
14557,178600
14557,265400
14557,615342
14557,615343
14557,615344
14669,101800
14669,614613
14670,239800
14671,243150
14679,192350
14679,276950
14681,180860
14683,155050
14687,222600
14692,270400
14693,129500
14694,243800
14695,230200
14699,274000
1470,608520
1470,608691
14701,606054
14702,113650
14702,610896
14705,101600
14711,300321
14711,300406
14711,300422
14711,300581
14711,305450
14717,160150
14717,255200
14717,310400
14717,614807
14717,615959
14720,130000
14723,203750
14725,156580
14731,277590
14735,106100
14735,610618
14737,304110
1474,170650
1474,608526
14743,190350
14744,309510
14748,117550
14748,614753
14753,243500
14755,207900
14756,130050
14757,130020
14761,175700
14762,186400
14764,150250
14766,191830
14768,101400
14773,250250
14775,229200
14775,614170
14778,110100
14780,148050
14789,183900
14791,PS204000
14793,129490
14793,224900
14793,300291
14793,305100
14796,223370
14798,188700
14798,259200
1485,219700
1540,608266
1572,236690
1588,188000
1588,273900
1588,300367
1588,313900
1588,612004
1595,608516
1612,114480
1657,614429
1657,614431
1657,614432
1700,308100
1702,146700
1757,141300
1761,155900
1790,156240
1811,604335
1827,600669
1837,612227
1838,309400
1856,118400
1858,174800
1882,PS108800
1919,300322
1924,241100
1924,312300
1925,PS135900
1928,194050
1929,185500
1930,245800
1932,105830
1933,180849
1933,610543
1933,613684
1935,PS209900
1949,600803
2012,242700
2030,607834
2058,114580
2058,212050
2058,607644
2058,613108
2058,613953
2058,613956
2058,614162
2058,615527
2058,616445
206,133700
206,133701
206,600209
2065,186600
2106,160800
2106,255700
2120,305600
2121,PS305100
2129,609322
2154,194070
2156,603737
2187,PS104500
2211,613225
2211,613235
2216,227400
2217,231200
2219,273800
2223,185050
2224,187950
2224,300331
2224,601977
2224,614521
2229,612416
2231,234000
2235,613679
2236,202400
2247,184300
2280,142690
2280,613736
2280,613737
230,611637
2339,123500
2340,123100
2340,182212
2340,600593
2340,600775
2340,604757
2340,615314
2352,231100
2352,PS235200
2373,130600
2373,611804
2377,612594
2377,612595
2377,612596
2394,167000
2394,607893
2452,188050
2452,614486
2476,PS303350
2508,207600
2512,109400
2538,245570
2565,217800
2571,246400
2571,604856
2580,PS215100
2581,215105
2582,614097
2583,601495
2583,612692
2583,613500
2583,613501
2583,613502
2583,613506
2583,615214
2590,PS256300
2626,260500
2717,210900
2729,PS127550
2732,268400
2734,124200
2736,102500
2738,177850
2738,264800
2739,143500
2746,232600
2748,232400
2749,232200
2749,232220
2749,232240
2750,232500
2752,232300
2754,232700
2775,102660
2785,220200
2842,220400
2842,612347
2843,PS192500
2861,206300
2861,206400
2861,300908
2861,613470
288,600458
2907,164210
2908,154500
2908,248390
2908,613717
2920,305800
2926,149000
2935,214500
2951,158280
2960,601675
2962,133540
2962,216400
2977,260000
2977,613616
2986,161950
2987,134610
2987,249100
2988,107320
3012,151623
3012,609265
3052,124100
3070,PS137800
3081,257350
3083,606963
310,545000
3132,176090
3132,176100
3133,612740
3138,100600
3138,200170
3144,PS123700
3145,617347
3156,300337
3191,PS161800
3204,162091
3204,615670
321,159580
3210,312080
3246,268210
3261,147060
3263,172800
327,186700
3301,424500
3310,603165
3310,PS603165
3315,151900
3319,606690
332,PS105400
3320,272800
3323,268800
3329,117100
3343,256550
3347,259500
3369,612219
3371,215300
3389,245000
3393,300464
3393,607339
3393,608316
3393,608318
3393,608320
3393,610947
3393,611139
3393,612030
3393,614293
3413,248500
3429,147421
3429,605637
3429,605820
3490,PS163950
350,154800
3507,607907
3526,601367
3529,117000
3534,254780
3535,254800
3590,231090
3613,271900
3633,248510
3635,PS601462
3649,245348
3649,245349
3649,312170
3649,608782
3649,614111
3651,266150
3652,220111
3652,256000
3659,269921
3659,604369
3687,540000
3755,613118
3756,176860
3762,220110
3764,194080
3783,303600
3803,218800
3805,175800
3827,142340
3827,222400
3827,610187
384,194200
3852,175200
3883,PS120435
3890,176000
3911,176670
3928,103200
3948,202300
3962,188470
3969,188550
397,115210
397,609578
397,612422
3981,234200
4022,191650
4028,106050
4028,300652
4051,268220
4154,125490
4154,125500
417,109100
418,181750
4183,612463
4184,612462
4239,606243
4249,137440
4252,203450
4253,155950
4257,114000
4258,261800
4279,604451
4297,106700
4346,176200
4362,603956
4367,218030
437,254200
4400,125600
4423,269600
4428,300509
4428,600202
4428,604254
4428,606616
4428,606896
4428,608995
4447,153880
445,PS601678
4450,300854
446,605635
446,613677
4465,605074
4480,100800
4481,607154
452,181030
4534,234100
4535,PS605389
4603,113800
4621,PS236100
4624,166000
4644,601001
4644,615425
4674,300068
4751,271930
4751,500003
4751,609161
4769,601200
4795,272750
4810,213700
4890,254770
4905,260350
4971,254450
4989,167800
4990,190300
4990,602134
4990,611456
4990,614782
4997,131300
4997,606631
4998,150230
5041,133239
5117,166950
5204,229700
5212,PS212065
5325,268300
5339,162800
5362,229045
5363,613488
5374,132600
5394,600634
5408,167250
5408,602080
5408,606263
5409,182280
5419,181500
5425,608115
5426,300511
5426,300604
5426,311360
5426,608996
5426,611548
5426,612310
5426,612964
5426,615723
5426,615724
5453,265450
5485,300813
5520,275355
5557,273300
5557,300228
5572,130650
560,154600
5684,271510
5688,277700
5723,165300
5723,165500
5723,258500
5723,311050
5723,605293
5723,610708
5768,154400
5806,163100
5810,102700
5812,209920
5813,613179
583,266120
583,612631
5844,608557
585,167030
594,167870
594,607853
594,609985
599,608251
6039,155720
6039,606660
6039,606661
612,242850
6126,105580
6225,175500
6245,553000
6255,102200
628,312863
633,160750
6364,157300
6406,217095
6419,187500
6420,265500
6457,PS158350
6496,612237
6498,182000
6543,604324
6652,106400
6678,189500
6682,184200
6683,100050
6686,100700
6688,601859
6691,214900
676,604302
678,601104
678,609454
678,610898
684,114550
699,251900
7004,219090
701,125400
701,125420
705,535000
7148,180300
718,205700
7400,251260
743,125635
758,270100
768,180200
7693,100070
7693,609782
7693,611891
7693,614375
7765,300216
799,192200
7998,603373
7998,609152
8158,609536
8161,607464
83,601371
83,PS116200
8354,613779
84,165800
8446,147710
8461,304050
8534,109350
8538,267730
8545,PS145600
8552,608232
856,253260
8567,236000
8567,300221
8567,400021
8584,113970
859,253270
8616,171000
8691,254400
8712,101000
8712,162200
8712,162210
8712,162260
8712,162270
8757,137280
8864,151380
8893,PS177900
891,254900
891,310370
891,611726
891,612437
891,614018
8923,608035
8923,612263
8924,188030
893,277900
8943,122200
8955,PS300751
8970,260470
8986,161400
8986,605841
8986,609039
8986,612417
8986,612851
8986,614223
8986,614250
8997,263300
9007,272120
9074,152700
9074,300809
9074,605480
9074,608437
9074,609903
9074,609939
9074,610065
9074,610066
9074,612254
9074,612378
9074,613145
9074,614420
9119,601626
9146,608207
9146,611381
9146,611382
9164,200400
9169,301000
9206,614266
9212,173200
9220,107640
9220,207720
9240,133020
9245,118450
9245,610205
9248,146510
9249,269860
9250,200990
9253,606764
9255,600274
9255,600795
9256,114500
9258,PS193500
9261,161550
9261,607107
9263,236200
9263,236250
9266,220100
9268,605899
9269,246900
9269,248600
9269,615135
9270,203500
9271,311250
9273,215700
9273,603471
9273,605814
9274,238700
9274,238710
9278,207800
9280,237300
9281,261600
9352,125853
9352,601283
9352,601407
9352,603694
9352,608036
9406,221750
9406,262600
9406,262700
9406,613038
9406,613986
9432,233100
9452,228100
9467,161200
9487,155140
9521,262500
9538,254500
9562,PS244400
9563,211400
9563,613021
9563,613071
9574,608911
9620,193000
9620,314550
9620,610878
9620,613674
9620,614317
9620,614318
9620,614319
9620,614674
9620,615390
9620,615963
9631,169400
9649,164100
9649,193003
9649,300589
9649,300814
9649,608345
9649,614826
9675,130700
9744,222100
980,215500
9808,233450
9821,303100
9822,613105
9827,179300
9849,156000
986,104000
986,610753
9869,229600
987,300042
9870,230350
9870,230400
988,157700
988,607829
988,610840
9883,300376
9884,158800
9884,159050
9884,309930
9884,309950
9884,310000
9884,310095
9884,600416
990,234700
9952,247640
9952,613065
9955,241550
9955,614435
9970,601665
